 Charge State log10(Te (eV)) log10(Electron Density (cm-3)) log10(Coefficient) 
           1  -0.69896999999999998       7.69897000000000009     -47.14938999999999680
           1  -0.69896999999999998       8.00000000000000000     -47.14938999999999680
           1  -0.69896999999999998       8.30103000000000080     -47.14938999999999680
           1  -0.69896999999999998       8.69896999999999920     -47.14938999999999680
           1  -0.69896999999999998       9.00000000000000000     -47.14938999999999680
           1  -0.69896999999999998       9.30103000000000080     -47.14938999999999680
           1  -0.69896999999999998       9.69896999999999920     -47.14938999999999680
           1  -0.69896999999999998      10.00000000000000000     -47.14938999999999680
           1  -0.69896999999999998      10.30103000000000080     -47.14938999999999680
           1  -0.69896999999999998      10.69896999999999920     -47.14938999999999680
           1  -0.69896999999999998      11.00000000000000000     -47.14938999999999680
           1  -0.69896999999999998      11.30103000000000080     -47.14938999999999680
           1  -0.69896999999999998      11.69896999999999920     -47.14939999999999998
           1  -0.69896999999999998      12.00000000000000000     -47.14939999999999998
           1  -0.69896999999999998      12.30103000000000080     -47.14941999999999922
           1  -0.69896999999999998      12.69896999999999920     -47.14945999999999771
           1  -0.69896999999999998      13.00000000000000000     -47.14954000000000178
           1  -0.69896999999999998      13.30103000000000080     -47.14967999999999648
           1  -0.69896999999999998      13.69896999999999920     -47.15012000000000114
           1  -0.69896999999999998      14.00000000000000000     -47.15086000000000155
           1  -0.69896999999999998      14.30103000000000080     -47.15232000000000312
           1  -0.69896999999999998      14.69896999999999920     -47.15668999999999755
           1  -0.69896999999999998      15.00000000000000000     -47.16387000000000285
           1  -0.69896999999999998      15.30103000000000080     -47.17788000000000181
           1  -0.52288000000000001       7.69897000000000009     -39.86377999999999844
           1  -0.52288000000000001       8.00000000000000000     -39.86377999999999844
           1  -0.52288000000000001       8.30103000000000080     -39.86377999999999844
           1  -0.52288000000000001       8.69896999999999920     -39.86377999999999844
           1  -0.52288000000000001       9.00000000000000000     -39.86377999999999844
           1  -0.52288000000000001       9.30103000000000080     -39.86377999999999844
           1  -0.52288000000000001       9.69896999999999920     -39.86377999999999844
           1  -0.52288000000000001      10.00000000000000000     -39.86377999999999844
           1  -0.52288000000000001      10.30103000000000080     -39.86377999999999844
           1  -0.52288000000000001      10.69896999999999920     -39.86377999999999844
           1  -0.52288000000000001      11.00000000000000000     -39.86377999999999844
           1  -0.52288000000000001      11.30103000000000080     -39.86377999999999844
           1  -0.52288000000000001      11.69896999999999920     -39.86379000000000161
           1  -0.52288000000000001      12.00000000000000000     -39.86379000000000161
           1  -0.52288000000000001      12.30103000000000080     -39.86381000000000085
           1  -0.52288000000000001      12.69896999999999920     -39.86384000000000327
           1  -0.52288000000000001      13.00000000000000000     -39.86390000000000100
           1  -0.52288000000000001      13.30103000000000080     -39.86402999999999963
           1  -0.52288000000000001      13.69896999999999920     -39.86437999999999704
           1  -0.52288000000000001      14.00000000000000000     -39.86498999999999882
           1  -0.52288000000000001      14.30103000000000080     -39.86617999999999995
           1  -0.52288000000000001      14.69896999999999920     -39.86972999999999701
           1  -0.52288000000000001      15.00000000000000000     -39.87557999999999936
           1  -0.52288000000000001      15.30103000000000080     -39.88705000000000211
           1  -0.30103000000000002       7.69897000000000009     -34.05693999999999733
           1  -0.30103000000000002       8.00000000000000000     -34.05693999999999733
           1  -0.30103000000000002       8.30103000000000080     -34.05695000000000050
           1  -0.30103000000000002       8.69896999999999920     -34.05695000000000050
           1  -0.30103000000000002       9.00000000000000000     -34.05695999999999657
           1  -0.30103000000000002       9.30103000000000080     -34.05696999999999974
           1  -0.30103000000000002       9.69896999999999920     -34.05698000000000292
           1  -0.30103000000000002      10.00000000000000000     -34.05698999999999899
           1  -0.30103000000000002      10.30103000000000080     -34.05700999999999823
           1  -0.30103000000000002      10.69896999999999920     -34.05702999999999747
           1  -0.30103000000000002      11.00000000000000000     -34.05704999999999671
           1  -0.30103000000000002      11.30103000000000080     -34.05707999999999913
           1  -0.30103000000000002      11.69896999999999920     -34.05713000000000079
           1  -0.30103000000000002      12.00000000000000000     -34.05718000000000245
           1  -0.30103000000000002      12.30103000000000080     -34.05725999999999942
           1  -0.30103000000000002      12.69896999999999920     -34.05742000000000047
           1  -0.30103000000000002      13.00000000000000000     -34.05760999999999683
           1  -0.30103000000000002      13.30103000000000080     -34.05792999999999893
           1  -0.30103000000000002      13.69896999999999920     -34.05870000000000175
           1  -0.30103000000000002      14.00000000000000000     -34.05980000000000274
           1  -0.30103000000000002      14.30103000000000080     -34.06174000000000035
           1  -0.30103000000000002      14.69896999999999920     -34.06692999999999927
           1  -0.30103000000000002      15.00000000000000000     -34.07500000000000284
           1  -0.30103000000000002      15.30103000000000080     -34.09044999999999703
           1  -0.15490000000000001       7.69897000000000009     -31.55413000000000068
           1  -0.15490000000000001       8.00000000000000000     -31.55415999999999954
           1  -0.15490000000000001       8.30103000000000080     -31.55417999999999878
           1  -0.15490000000000001       8.69896999999999920     -31.55423000000000044
           1  -0.15490000000000001       9.00000000000000000     -31.55426999999999893
           1  -0.15490000000000001       9.30103000000000080     -31.55432000000000059
           1  -0.15490000000000001       9.69896999999999920     -31.55440000000000111
           1  -0.15490000000000001      10.00000000000000000     -31.55446999999999846
           1  -0.15490000000000001      10.30103000000000080     -31.55454999999999899
           1  -0.15490000000000001      10.69896999999999920     -31.55468000000000117
           1  -0.15490000000000001      11.00000000000000000     -31.55480999999999980
           1  -0.15490000000000001      11.30103000000000080     -31.55496000000000123
           1  -0.15490000000000001      11.69896999999999920     -31.55524000000000129
           1  -0.15490000000000001      12.00000000000000000     -31.55552000000000135
           1  -0.15490000000000001      12.30103000000000080     -31.55589000000000155
           1  -0.15490000000000001      12.69896999999999920     -31.55658999999999992
           1  -0.15490000000000001      13.00000000000000000     -31.55735999999999919
           1  -0.15490000000000001      13.30103000000000080     -31.55846999999999980
           1  -0.15490000000000001      13.69896999999999920     -31.56081999999999965
           1  -0.15490000000000001      14.00000000000000000     -31.56373999999999924
           1  -0.15490000000000001      14.30103000000000080     -31.56828000000000145
           1  -0.15490000000000001      14.69896999999999920     -31.57918000000000092
           1  -0.15490000000000001      15.00000000000000000     -31.59525999999999968
           1  -0.15490000000000001      15.30103000000000080     -31.62497000000000114
           1   0.00000000000000000       7.69897000000000009     -29.66432000000000002
           1   0.00000000000000000       8.00000000000000000     -29.66441000000000017
           1   0.00000000000000000       8.30103000000000080     -29.66450999999999993
           1   0.00000000000000000       8.69896999999999920     -29.66468000000000060
           1   0.00000000000000000       9.00000000000000000     -29.66484000000000165
           1   0.00000000000000000       9.30103000000000080     -29.66501999999999839
           1   0.00000000000000000       9.69896999999999920     -29.66531000000000162
           1   0.00000000000000000      10.00000000000000000     -29.66555999999999926
           1   0.00000000000000000      10.30103000000000080     -29.66587000000000174
           1   0.00000000000000000      10.69896999999999920     -29.66635000000000133
           1   0.00000000000000000      11.00000000000000000     -29.66681000000000168
           1   0.00000000000000000      11.30103000000000080     -29.66738000000000142
           1   0.00000000000000000      11.69896999999999920     -29.66835000000000022
           1   0.00000000000000000      12.00000000000000000     -29.66930999999999941
           1   0.00000000000000000      12.30103000000000080     -29.67054999999999865
           1   0.00000000000000000      12.69896999999999920     -29.67276000000000025
           1   0.00000000000000000      13.00000000000000000     -29.67504999999999882
           1   0.00000000000000000      13.30103000000000080     -29.67812999999999946
           1   0.00000000000000000      13.69896999999999920     -29.68420000000000059
           1   0.00000000000000000      14.00000000000000000     -29.69104000000000099
           1   0.00000000000000000      14.30103000000000080     -29.70091999999999999
           1   0.00000000000000000      14.69896999999999920     -29.72352000000000061
           1   0.00000000000000000      15.00000000000000000     -29.75576999999999828
           1   0.00000000000000000      15.30103000000000080     -29.81255000000000166
           1   0.17609000000000000       7.69897000000000009     -28.18846999999999881
           1   0.17609000000000000       8.00000000000000000     -28.18871000000000038
           1   0.17609000000000000       8.30103000000000080     -28.18899000000000044
           1   0.17609000000000000       8.69896999999999920     -28.18945000000000078
           1   0.17609000000000000       9.00000000000000000     -28.18985999999999947
           1   0.17609000000000000       9.30103000000000080     -28.19034999999999869
           1   0.17609000000000000       9.69896999999999920     -28.19110999999999834
           1   0.17609000000000000      10.00000000000000000     -28.19180000000000064
           1   0.17609000000000000      10.30103000000000080     -28.19258999999999915
           1   0.17609000000000000      10.69896999999999920     -28.19387000000000043
           1   0.17609000000000000      11.00000000000000000     -28.19507000000000119
           1   0.17609000000000000      11.30103000000000080     -28.19653999999999883
           1   0.17609000000000000      11.69896999999999920     -28.19903000000000048
           1   0.17609000000000000      12.00000000000000000     -28.20146000000000086
           1   0.17609000000000000      12.30103000000000080     -28.20449999999999946
           1   0.17609000000000000      12.69896999999999920     -28.20974000000000004
           1   0.17609000000000000      13.00000000000000000     -28.21492999999999896
           1   0.17609000000000000      13.30103000000000080     -28.22169999999999845
           1   0.17609000000000000      13.69896999999999920     -28.23429000000000144
           1   0.17609000000000000      14.00000000000000000     -28.24756000000000000
           1   0.17609000000000000      14.30103000000000080     -28.26605999999999952
           1   0.17609000000000000      14.69896999999999920     -28.30756999999999834
           1   0.17609000000000000      15.00000000000000000     -28.36467999999999989
           1   0.17609000000000000      15.30103000000000080     -28.45869000000000071
           1   0.30103000000000002       7.69897000000000009     -27.44550999999999874
           1   0.30103000000000002       8.00000000000000000     -27.44587999999999894
           1   0.30103000000000002       8.30103000000000080     -27.44632999999999967
           1   0.30103000000000002       8.69896999999999920     -27.44705000000000084
           1   0.30103000000000002       9.00000000000000000     -27.44772000000000034
           1   0.30103000000000002       9.30103000000000080     -27.44848999999999961
           1   0.30103000000000002       9.69896999999999920     -27.44969999999999999
           1   0.30103000000000002      10.00000000000000000     -27.45078000000000173
           1   0.30103000000000002      10.30103000000000080     -27.45204000000000022
           1   0.30103000000000002      10.69896999999999920     -27.45407000000000153
           1   0.30103000000000002      11.00000000000000000     -27.45596000000000103
           1   0.30103000000000002      11.30103000000000080     -27.45826999999999884
           1   0.30103000000000002      11.69896999999999920     -27.46215000000000117
           1   0.30103000000000002      12.00000000000000000     -27.46589000000000169
           1   0.30103000000000002      12.30103000000000080     -27.47052000000000049
           1   0.30103000000000002      12.69896999999999920     -27.47839000000000098
           1   0.30103000000000002      13.00000000000000000     -27.48608000000000118
           1   0.30103000000000002      13.30103000000000080     -27.49597999999999942
           1   0.30103000000000002      13.69896999999999920     -27.51392999999999844
           1   0.30103000000000002      14.00000000000000000     -27.53235000000000099
           1   0.30103000000000002      14.30103000000000080     -27.55784999999999840
           1   0.30103000000000002      14.69896999999999920     -27.61468999999999951
           1   0.30103000000000002      15.00000000000000000     -27.69066000000000116
           1   0.30103000000000002      15.30103000000000080     -27.80987000000000009
           1   0.47711999999999999       7.69897000000000009     -26.69433000000000078
           1   0.47711999999999999       8.00000000000000000     -26.69490000000000052
           1   0.47711999999999999       8.30103000000000080     -26.69557000000000002
           1   0.47711999999999999       8.69896999999999920     -26.69667000000000101
           1   0.47711999999999999       9.00000000000000000     -26.69767999999999830
           1   0.47711999999999999       9.30103000000000080     -26.69885999999999981
           1   0.47711999999999999       9.69896999999999920     -26.70071000000000083
           1   0.47711999999999999      10.00000000000000000     -26.70236999999999838
           1   0.47711999999999999      10.30103000000000080     -26.70429999999999993
           1   0.47711999999999999      10.69896999999999920     -26.70739999999999981
           1   0.47711999999999999      11.00000000000000000     -26.71028000000000091
           1   0.47711999999999999      11.30103000000000080     -26.71377999999999986
           1   0.47711999999999999      11.69896999999999920     -26.71960999999999942
           1   0.47711999999999999      12.00000000000000000     -26.72515999999999892
           1   0.47711999999999999      12.30103000000000080     -26.73198000000000008
           1   0.47711999999999999      12.69896999999999920     -26.74346999999999852
           1   0.47711999999999999      13.00000000000000000     -26.75465000000000160
           1   0.47711999999999999      13.30103000000000080     -26.76894000000000062
           1   0.47711999999999999      13.69896999999999920     -26.79429999999999978
           1   0.47711999999999999      14.00000000000000000     -26.81994999999999862
           1   0.47711999999999999      14.30103000000000080     -26.85555000000000092
           1   0.47711999999999999      14.69896999999999920     -26.93438000000000088
           1   0.47711999999999999      15.00000000000000000     -27.03554000000000102
           1   0.47711999999999999      15.30103000000000080     -27.18490999999999858
           1   0.69896999999999998       7.69897000000000009     -26.08088000000000051
           1   0.69896999999999998       8.00000000000000000     -26.08162000000000091
           1   0.69896999999999998       8.30103000000000080     -26.08249999999999957
           1   0.69896999999999998       8.69896999999999920     -26.08395000000000152
           1   0.69896999999999998       9.00000000000000000     -26.08529000000000053
           1   0.69896999999999998       9.30103000000000080     -26.08686000000000149
           1   0.69896999999999998       9.69896999999999920     -26.08933999999999997
           1   0.69896999999999998      10.00000000000000000     -26.09157000000000082
           1   0.69896999999999998      10.30103000000000080     -26.09418000000000148
           1   0.69896999999999998      10.69896999999999920     -26.09834999999999994
           1   0.69896999999999998      11.00000000000000000     -26.10222999999999871
           1   0.69896999999999998      11.30103000000000080     -26.10688999999999993
           1   0.69896999999999998      11.69896999999999920     -26.11457000000000050
           1   0.69896999999999998      12.00000000000000000     -26.12180000000000035
           1   0.69896999999999998      12.30103000000000080     -26.13063999999999965
           1   0.69896999999999998      12.69896999999999920     -26.14558999999999855
           1   0.69896999999999998      13.00000000000000000     -26.16024000000000171
           1   0.69896999999999998      13.30103000000000080     -26.17903000000000091
           1   0.69896999999999998      13.69896999999999920     -26.21210999999999913
           1   0.69896999999999998      14.00000000000000000     -26.24572999999999823
           1   0.69896999999999998      14.30103000000000080     -26.29313000000000144
           1   0.69896999999999998      14.69896999999999920     -26.39721000000000117
           1   0.69896999999999998      15.00000000000000000     -26.52475000000000094
           1   0.69896999999999998      15.30103000000000080     -26.70211000000000112
           1   0.84509999999999996       7.69897000000000009     -25.81154000000000082
           1   0.84509999999999996       8.00000000000000000     -25.81233999999999895
           1   0.84509999999999996       8.30103000000000080     -25.81330000000000169
           1   0.84509999999999996       8.69896999999999920     -25.81487999999999872
           1   0.84509999999999996       9.00000000000000000     -25.81635999999999953
           1   0.84509999999999996       9.30103000000000080     -25.81810000000000116
           1   0.84509999999999996       9.69896999999999920     -25.82084000000000046
           1   0.84509999999999996      10.00000000000000000     -25.82331999999999894
           1   0.84509999999999996      10.30103000000000080     -25.82622999999999891
           1   0.84509999999999996      10.69896999999999920     -25.83089000000000013
           1   0.84509999999999996      11.00000000000000000     -25.83519000000000077
           1   0.84509999999999996      11.30103000000000080     -25.84034000000000120
           1   0.84509999999999996      11.69896999999999920     -25.84873999999999938
           1   0.84509999999999996      12.00000000000000000     -25.85658000000000101
           1   0.84509999999999996      12.30103000000000080     -25.86615000000000109
           1   0.84509999999999996      12.69896999999999920     -25.88241000000000014
           1   0.84509999999999996      13.00000000000000000     -25.89848999999999890
           1   0.84509999999999996      13.30103000000000080     -25.91922999999999888
           1   0.84509999999999996      13.69896999999999920     -25.95588000000000051
           1   0.84509999999999996      14.00000000000000000     -25.99358000000000146
           1   0.84509999999999996      14.30103000000000080     -26.04740999999999929
           1   0.84509999999999996      14.69896999999999920     -26.16500999999999877
           1   0.84509999999999996      15.00000000000000000     -26.30565999999999960
           1   0.84509999999999996      15.30103000000000080     -26.49576000000000064
           1   1.00000000000000000       7.69897000000000009     -25.60591000000000150
           1   1.00000000000000000       8.00000000000000000     -25.60675000000000168
           1   1.00000000000000000       8.30103000000000080     -25.60775999999999897
           1   1.00000000000000000       8.69896999999999920     -25.60942000000000007
           1   1.00000000000000000       9.00000000000000000     -25.61098000000000141
           1   1.00000000000000000       9.30103000000000080     -25.61281999999999925
           1   1.00000000000000000       9.69896999999999920     -25.61574999999999847
           1   1.00000000000000000      10.00000000000000000     -25.61841000000000079
           1   1.00000000000000000      10.30103000000000080     -25.62152000000000029
           1   1.00000000000000000      10.69896999999999920     -25.62651999999999930
           1   1.00000000000000000      11.00000000000000000     -25.63110999999999962
           1   1.00000000000000000      11.30103000000000080     -25.63655999999999935
           1   1.00000000000000000      11.69896999999999920     -25.64533000000000129
           1   1.00000000000000000      12.00000000000000000     -25.65344999999999942
           1   1.00000000000000000      12.30103000000000080     -25.66332999999999842
           1   1.00000000000000000      12.69896999999999920     -25.68019999999999925
           1   1.00000000000000000      13.00000000000000000     -25.69705000000000084
           1   1.00000000000000000      13.30103000000000080     -25.71893000000000029
           1   1.00000000000000000      13.69896999999999920     -25.75797999999999988
           1   1.00000000000000000      14.00000000000000000     -25.79879999999999995
           1   1.00000000000000000      14.30103000000000080     -25.85782999999999987
           1   1.00000000000000000      14.69896999999999920     -25.98627000000000109
           1   1.00000000000000000      15.00000000000000000     -26.13694999999999879
           1   1.00000000000000000      15.30103000000000080     -26.33633000000000024
           1   1.17609000000000008       7.69897000000000009     -25.44369000000000014
           1   1.17609000000000008       8.00000000000000000     -25.44453999999999994
           1   1.17609000000000008       8.30103000000000080     -25.44556000000000040
           1   1.17609000000000008       8.69896999999999920     -25.44725000000000037
           1   1.17609000000000008       9.00000000000000000     -25.44884000000000057
           1   1.17609000000000008       9.30103000000000080     -25.45073999999999970
           1   1.17609000000000008       9.69896999999999920     -25.45376999999999867
           1   1.17609000000000008      10.00000000000000000     -25.45653000000000077
           1   1.17609000000000008      10.30103000000000080     -25.45977999999999852
           1   1.17609000000000008      10.69896999999999920     -25.46499000000000024
           1   1.17609000000000008      11.00000000000000000     -25.46976000000000084
           1   1.17609000000000008      11.30103000000000080     -25.47534999999999883
           1   1.17609000000000008      11.69896999999999920     -25.48422000000000054
           1   1.17609000000000008      12.00000000000000000     -25.49231999999999942
           1   1.17609000000000008      12.30103000000000080     -25.50213000000000108
           1   1.17609000000000008      12.69896999999999920     -25.51894000000000062
           1   1.17609000000000008      13.00000000000000000     -25.53590000000000160
           1   1.17609000000000008      13.30103000000000080     -25.55812999999999846
           1   1.17609000000000008      13.69896999999999920     -25.59842000000000084
           1   1.17609000000000008      14.00000000000000000     -25.64134999999999920
           1   1.17609000000000008      14.30103000000000080     -25.70421999999999940
           1   1.17609000000000008      14.69896999999999920     -25.84071000000000140
           1   1.17609000000000008      15.00000000000000000     -25.99859999999999971
           1   1.17609000000000008      15.30103000000000080     -26.20440999999999931
           1   1.30102999999999991       7.69897000000000009     -25.36314000000000135
           1   1.30102999999999991       8.00000000000000000     -25.36399000000000115
           1   1.30102999999999991       8.30103000000000080     -25.36499999999999844
           1   1.30102999999999991       8.69896999999999920     -25.36667999999999878
           1   1.30102999999999991       9.00000000000000000     -25.36827999999999861
           1   1.30102999999999991       9.30103000000000080     -25.37018000000000129
           1   1.30102999999999991       9.69896999999999920     -25.37324999999999875
           1   1.30102999999999991      10.00000000000000000     -25.37604999999999933
           1   1.30102999999999991      10.30103000000000080     -25.37934999999999874
           1   1.30102999999999991      10.69896999999999920     -25.38464000000000098
           1   1.30102999999999991      11.00000000000000000     -25.38945999999999970
           1   1.30102999999999991      11.30103000000000080     -25.39508000000000010
           1   1.30102999999999991      11.69896999999999920     -25.40391999999999939
           1   1.30102999999999991      12.00000000000000000     -25.41190999999999889
           1   1.30102999999999991      12.30103000000000080     -25.42153000000000063
           1   1.30102999999999991      12.69896999999999920     -25.43803000000000125
           1   1.30102999999999991      13.00000000000000000     -25.45476000000000028
           1   1.30102999999999991      13.30103000000000080     -25.47685999999999851
           1   1.30102999999999991      13.69896999999999920     -25.51734000000000080
           1   1.30102999999999991      14.00000000000000000     -25.56105000000000160
           1   1.30102999999999991      14.30103000000000080     -25.62552000000000163
           1   1.30102999999999991      14.69896999999999920     -25.76539999999999964
           1   1.30102999999999991      15.00000000000000000     -25.92629000000000161
           1   1.30102999999999991      15.30103000000000080     -26.13473000000000113
           1   1.47711999999999999       7.69897000000000009     -25.28460000000000107
           1   1.47711999999999999       8.00000000000000000     -25.28541999999999845
           1   1.47711999999999999       8.30103000000000080     -25.28641000000000005
           1   1.47711999999999999       8.69896999999999920     -25.28806000000000154
           1   1.47711999999999999       9.00000000000000000     -25.28962999999999894
           1   1.47711999999999999       9.30103000000000080     -25.29151999999999845
           1   1.47711999999999999       9.69896999999999920     -25.29457000000000022
           1   1.47711999999999999      10.00000000000000000     -25.29738000000000042
           1   1.47711999999999999      10.30103000000000080     -25.30068999999999946
           1   1.47711999999999999      10.69896999999999920     -25.30601000000000056
           1   1.47711999999999999      11.00000000000000000     -25.31084999999999852
           1   1.47711999999999999      11.30103000000000080     -25.31644999999999968
           1   1.47711999999999999      11.69896999999999920     -25.32515000000000072
           1   1.47711999999999999      12.00000000000000000     -25.33292000000000144
           1   1.47711999999999999      12.30103000000000080     -25.34221000000000146
           1   1.47711999999999999      12.69896999999999920     -25.35813999999999879
           1   1.47711999999999999      13.00000000000000000     -25.37436999999999898
           1   1.47711999999999999      13.30103000000000080     -25.39599000000000117
           1   1.47711999999999999      13.69896999999999920     -25.43615000000000137
           1   1.47711999999999999      14.00000000000000000     -25.48012999999999906
           1   1.47711999999999999      14.30103000000000080     -25.54540000000000077
           1   1.47711999999999999      14.69896999999999920     -25.68711000000000055
           1   1.47711999999999999      15.00000000000000000     -25.84959999999999880
           1   1.47711999999999999      15.30103000000000080     -26.05942999999999898
           1   1.69897000000000009       7.69897000000000009     -25.21752000000000038
           1   1.69897000000000009       8.00000000000000000     -25.21828999999999965
           1   1.69897000000000009       8.30103000000000080     -25.21921000000000035
           1   1.69897000000000009       8.69896999999999920     -25.22074999999999889
           1   1.69897000000000009       9.00000000000000000     -25.22222000000000008
           1   1.69897000000000009       9.30103000000000080     -25.22400999999999982
           1   1.69897000000000009       9.69896999999999920     -25.22691999999999979
           1   1.69897000000000009      10.00000000000000000     -25.22960000000000136
           1   1.69897000000000009      10.30103000000000080     -25.23278000000000176
           1   1.69897000000000009      10.69896999999999920     -25.23790999999999940
           1   1.69897000000000009      11.00000000000000000     -25.24258000000000024
           1   1.69897000000000009      11.30103000000000080     -25.24795999999999907
           1   1.69897000000000009      11.69896999999999920     -25.25626000000000104
           1   1.69897000000000009      12.00000000000000000     -25.26361999999999952
           1   1.69897000000000009      12.30103000000000080     -25.27233000000000018
           1   1.69897000000000009      12.69896999999999920     -25.28725000000000023
           1   1.69897000000000009      13.00000000000000000     -25.30253000000000085
           1   1.69897000000000009      13.30103000000000080     -25.32307000000000130
           1   1.69897000000000009      13.69896999999999920     -25.36187999999999931
           1   1.69897000000000009      14.00000000000000000     -25.40497999999999834
           1   1.69897000000000009      14.30103000000000080     -25.46933999999999898
           1   1.69897000000000009      14.69896999999999920     -25.60952999999999946
           1   1.69897000000000009      15.00000000000000000     -25.77076999999999884
           1   1.69897000000000009      15.30103000000000080     -25.97954000000000008
           1   1.84509999999999996       7.69897000000000009     -25.19247000000000014
           1   1.84509999999999996       8.00000000000000000     -25.19320000000000093
           1   1.84509999999999996       8.30103000000000080     -25.19407999999999959
           1   1.84509999999999996       8.69896999999999920     -25.19553000000000154
           1   1.84509999999999996       9.00000000000000000     -25.19692999999999827
           1   1.84509999999999996       9.30103000000000080     -25.19863000000000142
           1   1.84509999999999996       9.69896999999999920     -25.20141999999999882
           1   1.84509999999999996      10.00000000000000000     -25.20400000000000063
           1   1.84509999999999996      10.30103000000000080     -25.20707000000000164
           1   1.84509999999999996      10.69896999999999920     -25.21202999999999861
           1   1.84509999999999996      11.00000000000000000     -25.21655000000000157
           1   1.84509999999999996      11.30103000000000080     -25.22176999999999936
           1   1.84509999999999996      11.69896999999999920     -25.22980000000000089
           1   1.84509999999999996      12.00000000000000000     -25.23688999999999893
           1   1.84509999999999996      12.30103000000000080     -25.24525999999999826
           1   1.84509999999999996      12.69896999999999920     -25.25953000000000159
           1   1.84509999999999996      13.00000000000000000     -25.27413999999999916
           1   1.84509999999999996      13.30103000000000080     -25.29384999999999906
           1   1.84509999999999996      13.69896999999999920     -25.33142000000000138
           1   1.84509999999999996      14.00000000000000000     -25.37342999999999904
           1   1.84509999999999996      14.30103000000000080     -25.43627000000000038
           1   1.84509999999999996      14.69896999999999920     -25.57356000000000051
           1   1.84509999999999996      15.00000000000000000     -25.73228999999999900
           1   1.84509999999999996      15.30103000000000080     -25.93887000000000143
           1   2.00000000000000000       7.69897000000000009     -25.17959000000000103
           1   2.00000000000000000       8.00000000000000000     -25.18027999999999977
           1   2.00000000000000000       8.30103000000000080     -25.18110000000000070
           1   2.00000000000000000       8.69896999999999920     -25.18246999999999858
           1   2.00000000000000000       9.00000000000000000     -25.18378999999999834
           1   2.00000000000000000       9.30103000000000080     -25.18540000000000134
           1   2.00000000000000000       9.69896999999999920     -25.18805000000000049
           1   2.00000000000000000      10.00000000000000000     -25.19050999999999974
           1   2.00000000000000000      10.30103000000000080     -25.19343999999999895
           1   2.00000000000000000      10.69896999999999920     -25.19819999999999993
           1   2.00000000000000000      11.00000000000000000     -25.20253999999999905
           1   2.00000000000000000      11.30103000000000080     -25.20758000000000010
           1   2.00000000000000000      11.69896999999999920     -25.21534000000000120
           1   2.00000000000000000      12.00000000000000000     -25.22216999999999842
           1   2.00000000000000000      12.30103000000000080     -25.23019000000000034
           1   2.00000000000000000      12.69896999999999920     -25.24380000000000024
           1   2.00000000000000000      13.00000000000000000     -25.25771999999999906
           1   2.00000000000000000      13.30103000000000080     -25.27650999999999826
           1   2.00000000000000000      13.69896999999999920     -25.31259000000000015
           1   2.00000000000000000      14.00000000000000000     -25.35311000000000092
           1   2.00000000000000000      14.30103000000000080     -25.41375000000000028
           1   2.00000000000000000      14.69896999999999920     -25.54667999999999850
           1   2.00000000000000000      15.00000000000000000     -25.70155000000000101
           1   2.00000000000000000      15.30103000000000080     -25.90471000000000146
           1   2.17608999999999986       7.69897000000000009     -25.17893000000000114
           1   2.17608999999999986       8.00000000000000000     -25.17956999999999823
           1   2.17608999999999986       8.30103000000000080     -25.18034000000000106
           1   2.17608999999999986       8.69896999999999920     -25.18159999999999954
           1   2.17608999999999986       9.00000000000000000     -25.18281999999999954
           1   2.17608999999999986       9.30103000000000080     -25.18431999999999960
           1   2.17608999999999986       9.69896999999999920     -25.18681000000000125
           1   2.17608999999999986      10.00000000000000000     -25.18911999999999907
           1   2.17608999999999986      10.30103000000000080     -25.19189000000000078
           1   2.17608999999999986      10.69896999999999920     -25.19639000000000095
           1   2.17608999999999986      11.00000000000000000     -25.20053000000000054
           1   2.17608999999999986      11.30103000000000080     -25.20533000000000001
           1   2.17608999999999986      11.69896999999999920     -25.21276999999999902
           1   2.17608999999999986      12.00000000000000000     -25.21931999999999974
           1   2.17608999999999986      12.30103000000000080     -25.22698000000000107
           1   2.17608999999999986      12.69896999999999920     -25.23988999999999905
           1   2.17608999999999986      13.00000000000000000     -25.25302999999999898
           1   2.17608999999999986      13.30103000000000080     -25.27076999999999884
           1   2.17608999999999986      13.69896999999999920     -25.30501999999999896
           1   2.17608999999999986      14.00000000000000000     -25.34359999999999857
           1   2.17608999999999986      14.30103000000000080     -25.40123000000000175
           1   2.17608999999999986      14.69896999999999920     -25.52798999999999907
           1   2.17608999999999986      15.00000000000000000     -25.67724000000000117
           1   2.17608999999999986      15.30103000000000080     -25.87533000000000172
           1   2.30102999999999991       7.69897000000000009     -25.18592999999999904
           1   2.30102999999999991       8.00000000000000000     -25.18654000000000082
           1   2.30102999999999991       8.30103000000000080     -25.18725999999999843
           1   2.30102999999999991       8.69896999999999920     -25.18845999999999918
           1   2.30102999999999991       9.00000000000000000     -25.18960999999999828
           1   2.30102999999999991       9.30103000000000080     -25.19103000000000137
           1   2.30102999999999991       9.69896999999999920     -25.19339000000000084
           1   2.30102999999999991      10.00000000000000000     -25.19559999999999889
           1   2.30102999999999991      10.30103000000000080     -25.19825000000000159
           1   2.30102999999999991      10.69896999999999920     -25.20254999999999868
           1   2.30102999999999991      11.00000000000000000     -25.20653000000000077
           1   2.30102999999999991      11.30103000000000080     -25.21116999999999919
           1   2.30102999999999991      11.69896999999999920     -25.21837000000000018
           1   2.30102999999999991      12.00000000000000000     -25.22472000000000136
           1   2.30102999999999991      12.30103000000000080     -25.23213000000000150
           1   2.30102999999999991      12.69896999999999920     -25.24455999999999989
           1   2.30102999999999991      13.00000000000000000     -25.25716999999999857
           1   2.30102999999999991      13.30103000000000080     -25.27417000000000158
           1   2.30102999999999991      13.69896999999999920     -25.30706999999999951
           1   2.30102999999999991      14.00000000000000000     -25.34415999999999869
           1   2.30102999999999991      14.30103000000000080     -25.39942999999999884
           1   2.30102999999999991      14.69896999999999920     -25.52120000000000033
           1   2.30102999999999991      15.00000000000000000     -25.66576999999999842
           1   2.30102999999999991      15.30103000000000080     -25.85951000000000022
           1   2.47712000000000021       7.69897000000000009     -25.20621999999999829
           1   2.47712000000000021       8.00000000000000000     -25.20679000000000158
           1   2.47712000000000021       8.30103000000000080     -25.20746000000000109
           1   2.47712000000000021       8.69896999999999920     -25.20855999999999852
           1   2.47712000000000021       9.00000000000000000     -25.20963000000000065
           1   2.47712000000000021       9.30103000000000080     -25.21094000000000079
           1   2.47712000000000021       9.69896999999999920     -25.21313999999999922
           1   2.47712000000000021      10.00000000000000000     -25.21520999999999901
           1   2.47712000000000021      10.30103000000000080     -25.21769000000000105
           1   2.47712000000000021      10.69896999999999920     -25.22173000000000087
           1   2.47712000000000021      11.00000000000000000     -25.22549000000000063
           1   2.47712000000000021      11.30103000000000080     -25.22990000000000066
           1   2.47712000000000021      11.69896999999999920     -25.23680999999999841
           1   2.47712000000000021      12.00000000000000000     -25.24293000000000120
           1   2.47712000000000021      12.30103000000000080     -25.25005000000000166
           1   2.47712000000000021      12.69896999999999920     -25.26191000000000031
           1   2.47712000000000021      13.00000000000000000     -25.27386999999999873
           1   2.47712000000000021      13.30103000000000080     -25.28992999999999824
           1   2.47712000000000021      13.69896999999999920     -25.32101000000000113
           1   2.47712000000000021      14.00000000000000000     -25.35601000000000127
           1   2.47712000000000021      14.30103000000000080     -25.40784000000000020
           1   2.47712000000000021      14.69896999999999920     -25.52198999999999884
           1   2.47712000000000021      15.00000000000000000     -25.65914000000000073
           1   2.47712000000000021      15.30103000000000080     -25.84578000000000131
           1   2.69897000000000009       7.69897000000000009     -25.24673999999999907
           1   2.69897000000000009       8.00000000000000000     -25.24726000000000070
           1   2.69897000000000009       8.30103000000000080     -25.24787999999999855
           1   2.69897000000000009       8.69896999999999920     -25.24887999999999977
           1   2.69897000000000009       9.00000000000000000     -25.24984999999999857
           1   2.69897000000000009       9.30103000000000080     -25.25103999999999971
           1   2.69897000000000009       9.69896999999999920     -25.25306000000000139
           1   2.69897000000000009      10.00000000000000000     -25.25496000000000052
           1   2.69897000000000009      10.30103000000000080     -25.25724999999999909
           1   2.69897000000000009      10.69896999999999920     -25.26099999999999923
           1   2.69897000000000009      11.00000000000000000     -25.26450000000000173
           1   2.69897000000000009      11.30103000000000080     -25.26865000000000094
           1   2.69897000000000009      11.69896999999999920     -25.27523000000000053
           1   2.69897000000000009      12.00000000000000000     -25.28111000000000175
           1   2.69897000000000009      12.30103000000000080     -25.28796000000000177
           1   2.69897000000000009      12.69896999999999920     -25.29925000000000068
           1   2.69897000000000009      13.00000000000000000     -25.31052999999999997
           1   2.69897000000000009      13.30103000000000080     -25.32555999999999941
           1   2.69897000000000009      13.69896999999999920     -25.35453000000000046
           1   2.69897000000000009      14.00000000000000000     -25.38700000000000045
           1   2.69897000000000009      14.30103000000000080     -25.43452999999999875
           1   2.69897000000000009      14.69896999999999920     -25.53865000000000052
           1   2.69897000000000009      15.00000000000000000     -25.66544000000000025
           1   2.69897000000000009      15.30103000000000080     -25.84168000000000021
           1   2.84509999999999996       7.69897000000000009     -25.27872999999999948
           1   2.84509999999999996       8.00000000000000000     -25.27922999999999831
           1   2.84509999999999996       8.30103000000000080     -25.27981000000000122
           1   2.84509999999999996       8.69896999999999920     -25.28075000000000117
           1   2.84509999999999996       9.00000000000000000     -25.28165999999999869
           1   2.84509999999999996       9.30103000000000080     -25.28277999999999892
           1   2.84509999999999996       9.69896999999999920     -25.28466999999999842
           1   2.84509999999999996      10.00000000000000000     -25.28647000000000133
           1   2.84509999999999996      10.30103000000000080     -25.28863000000000127
           1   2.84509999999999996      10.69896999999999920     -25.29219000000000150
           1   2.84509999999999996      11.00000000000000000     -25.29551999999999978
           1   2.84509999999999996      11.30103000000000080     -25.29948999999999870
           1   2.84509999999999996      11.69896999999999920     -25.30583000000000027
           1   2.84509999999999996      12.00000000000000000     -25.31154000000000082
           1   2.84509999999999996      12.30103000000000080     -25.31818000000000168
           1   2.84509999999999996      12.69896999999999920     -25.32910000000000039
           1   2.84509999999999996      13.00000000000000000     -25.33992999999999896
           1   2.84509999999999996      13.30103000000000080     -25.35427999999999926
           1   2.84509999999999996      13.69896999999999920     -25.38184000000000040
           1   2.84509999999999996      14.00000000000000000     -25.41264999999999930
           1   2.84509999999999996      14.30103000000000080     -25.45741999999999905
           1   2.84509999999999996      14.69896999999999920     -25.55495000000000161
           1   2.84509999999999996      15.00000000000000000     -25.67462000000000089
           1   2.84509999999999996      15.30103000000000080     -25.84339999999999904
           1   3.00000000000000000       7.69897000000000009     -25.31641000000000119
           1   3.00000000000000000       8.00000000000000000     -25.31687000000000154
           1   3.00000000000000000       8.30103000000000080     -25.31741999999999848
           1   3.00000000000000000       8.69896999999999920     -25.31830000000000069
           1   3.00000000000000000       9.00000000000000000     -25.31914000000000087
           1   3.00000000000000000       9.30103000000000080     -25.32019000000000020
           1   3.00000000000000000       9.69896999999999920     -25.32196000000000069
           1   3.00000000000000000      10.00000000000000000     -25.32365000000000066
           1   3.00000000000000000      10.30103000000000080     -25.32569000000000159
           1   3.00000000000000000      10.69896999999999920     -25.32904999999999873
           1   3.00000000000000000      11.00000000000000000     -25.33220000000000027
           1   3.00000000000000000      11.30103000000000080     -25.33596999999999966
           1   3.00000000000000000      11.69896999999999920     -25.34204000000000079
           1   3.00000000000000000      12.00000000000000000     -25.34754999999999825
           1   3.00000000000000000      12.30103000000000080     -25.35398999999999958
           1   3.00000000000000000      12.69896999999999920     -25.36449999999999960
           1   3.00000000000000000      13.00000000000000000     -25.37486000000000175
           1   3.00000000000000000      13.30103000000000080     -25.38850000000000051
           1   3.00000000000000000      13.69896999999999920     -25.41458000000000084
           1   3.00000000000000000      14.00000000000000000     -25.44365000000000165
           1   3.00000000000000000      14.30103000000000080     -25.48558999999999841
           1   3.00000000000000000      14.69896999999999920     -25.57629000000000019
           1   3.00000000000000000      15.00000000000000000     -25.68831000000000131
           1   3.00000000000000000      15.30103000000000080     -25.84872999999999976
           1   3.17608999999999986       7.69897000000000009     -25.36317999999999984
           1   3.17608999999999986       8.00000000000000000     -25.36361000000000132
           1   3.17608999999999986       8.30103000000000080     -25.36411999999999978
           1   3.17608999999999986       8.69896999999999920     -25.36494000000000071
           1   3.17608999999999986       9.00000000000000000     -25.36571999999999960
           1   3.17608999999999986       9.30103000000000080     -25.36668999999999841
           1   3.17608999999999986       9.69896999999999920     -25.36833000000000027
           1   3.17608999999999986      10.00000000000000000     -25.36990000000000123
           1   3.17608999999999986      10.30103000000000080     -25.37180999999999997
           1   3.17608999999999986      10.69896999999999920     -25.37494999999999834
           1   3.17608999999999986      11.00000000000000000     -25.37790000000000035
           1   3.17608999999999986      11.30103000000000080     -25.38146000000000058
           1   3.17608999999999986      11.69896999999999920     -25.38721999999999923
           1   3.17608999999999986      12.00000000000000000     -25.39249999999999829
           1   3.17608999999999986      12.30103000000000080     -25.39867999999999881
           1   3.17608999999999986      12.69896999999999920     -25.40875000000000128
           1   3.17608999999999986      13.00000000000000000     -25.41860000000000142
           1   3.17608999999999986      13.30103000000000080     -25.43146000000000129
           1   3.17608999999999986      13.69896999999999920     -25.45589000000000013
           1   3.17608999999999986      14.00000000000000000     -25.48304999999999865
           1   3.17608999999999986      14.30103000000000080     -25.52195000000000036
           1   3.17608999999999986      14.69896999999999920     -25.60522999999999882
           1   3.17608999999999986      15.00000000000000000     -25.70859000000000094
           1   3.17608999999999986      15.30103000000000080     -25.85913000000000039
           1   3.30102999999999991       7.69897000000000009     -25.39855000000000018
           1   3.30102999999999991       8.00000000000000000     -25.39895999999999887
           1   3.30102999999999991       8.30103000000000080     -25.39945000000000164
           1   3.30102999999999991       8.69896999999999920     -25.40022000000000091
           1   3.30102999999999991       9.00000000000000000     -25.40096000000000132
           1   3.30102999999999991       9.30103000000000080     -25.40187999999999846
           1   3.30102999999999991       9.69896999999999920     -25.40343000000000018
           1   3.30102999999999991      10.00000000000000000     -25.40493000000000023
           1   3.30102999999999991      10.30103000000000080     -25.40673999999999921
           1   3.30102999999999991      10.69896999999999920     -25.40973999999999933
           1   3.30102999999999991      11.00000000000000000     -25.41255999999999915
           1   3.30102999999999991      11.30103000000000080     -25.41595999999999833
           1   3.30102999999999991      11.69896999999999920     -25.42151000000000138
           1   3.30102999999999991      12.00000000000000000     -25.42661000000000016
           1   3.30102999999999991      12.30103000000000080     -25.43262000000000000
           1   3.30102999999999991      12.69896999999999920     -25.44238000000000000
           1   3.30102999999999991      13.00000000000000000     -25.45186999999999955
           1   3.30102999999999991      13.30103000000000080     -25.46420000000000172
           1   3.30102999999999991      13.69896999999999920     -25.48751000000000033
           1   3.30102999999999991      14.00000000000000000     -25.51336999999999833
           1   3.30102999999999991      14.30103000000000080     -25.55022999999999911
           1   3.30102999999999991      14.69896999999999920     -25.62852000000000174
           1   3.30102999999999991      15.00000000000000000     -25.72585000000000122
           1   3.30102999999999991      15.30103000000000080     -25.86924000000000134
           1   3.47712000000000021       7.69897000000000009     -25.45102999999999938
           1   3.47712000000000021       8.00000000000000000     -25.45141999999999882
           1   3.47712000000000021       8.30103000000000080     -25.45186999999999955
           1   3.47712000000000021       8.69896999999999920     -25.45260000000000034
           1   3.47712000000000021       9.00000000000000000     -25.45327999999999946
           1   3.47712000000000021       9.30103000000000080     -25.45412999999999926
           1   3.47712000000000021       9.69896999999999920     -25.45557000000000158
           1   3.47712000000000021      10.00000000000000000     -25.45695999999999870
           1   3.47712000000000021      10.30103000000000080     -25.45865999999999829
           1   3.47712000000000021      10.69896999999999920     -25.46145999999999887
           1   3.47712000000000021      11.00000000000000000     -25.46409999999999840
           1   3.47712000000000021      11.30103000000000080     -25.46730000000000160
           1   3.47712000000000021      11.69896999999999920     -25.47253999999999863
           1   3.47712000000000021      12.00000000000000000     -25.47739999999999938
           1   3.47712000000000021      12.30103000000000080     -25.48316000000000159
           1   3.47712000000000021      12.69896999999999920     -25.49249000000000009
           1   3.47712000000000021      13.00000000000000000     -25.50150000000000006
           1   3.47712000000000021      13.30103000000000080     -25.51313000000000031
           1   3.47712000000000021      13.69896999999999920     -25.53491000000000000
           1   3.47712000000000021      14.00000000000000000     -25.55900000000000105
           1   3.47712000000000021      14.30103000000000080     -25.59316000000000102
           1   3.47712000000000021      14.69896999999999920     -25.66485000000000127
           1   3.47712000000000021      15.00000000000000000     -25.75394000000000005
           1   3.47712000000000021      15.30103000000000080     -25.88710999999999984
           1   3.69897000000000009       7.69897000000000009     -25.52091000000000065
           1   3.69897000000000009       8.00000000000000000     -25.52127000000000123
           1   3.69897000000000009       8.30103000000000080     -25.52168999999999954
           1   3.69897000000000009       8.69896999999999920     -25.52235999999999905
           1   3.69897000000000009       9.00000000000000000     -25.52298000000000044
           1   3.69897000000000009       9.30103000000000080     -25.52374999999999972
           1   3.69897000000000009       9.69896999999999920     -25.52505999999999986
           1   3.69897000000000009      10.00000000000000000     -25.52633000000000152
           1   3.69897000000000009      10.30103000000000080     -25.52788999999999930
           1   3.69897000000000009      10.69896999999999920     -25.53047000000000111
           1   3.69897000000000009      11.00000000000000000     -25.53290000000000148
           1   3.69897000000000009      11.30103000000000080     -25.53584999999999994
           1   3.69897000000000009      11.69896999999999920     -25.54072999999999993
           1   3.69897000000000009      12.00000000000000000     -25.54529000000000138
           1   3.69897000000000009      12.30103000000000080     -25.55071999999999832
           1   3.69897000000000009      12.69896999999999920     -25.55953999999999837
           1   3.69897000000000009      13.00000000000000000     -25.56796999999999898
           1   3.69897000000000009      13.30103000000000080     -25.57875999999999905
           1   3.69897000000000009      13.69896999999999920     -25.59875999999999863
           1   3.69897000000000009      14.00000000000000000     -25.62074000000000140
           1   3.69897000000000009      14.30103000000000080     -25.65174999999999983
           1   3.69897000000000009      14.69896999999999920     -25.71586999999999890
           1   3.69897000000000009      15.00000000000000000     -25.79513999999999996
           1   3.69897000000000009      15.30103000000000080     -25.91544999999999987
           1   3.84509999999999996       7.69897000000000009     -25.56890999999999892
           1   3.84509999999999996       8.00000000000000000     -25.56925000000000026
           1   3.84509999999999996       8.30103000000000080     -25.56964999999999932
           1   3.84509999999999996       8.69896999999999920     -25.57028000000000034
           1   3.84509999999999996       9.00000000000000000     -25.57086999999999932
           1   3.84509999999999996       9.30103000000000080     -25.57159000000000049
           1   3.84509999999999996       9.69896999999999920     -25.57282000000000011
           1   3.84509999999999996      10.00000000000000000     -25.57402000000000086
           1   3.84509999999999996      10.30103000000000080     -25.57550000000000168
           1   3.84509999999999996      10.69896999999999920     -25.57794000000000167
           1   3.84509999999999996      11.00000000000000000     -25.58023999999999987
           1   3.84509999999999996      11.30103000000000080     -25.58305000000000007
           1   3.84509999999999996      11.69896999999999920     -25.58768999999999849
           1   3.84509999999999996      12.00000000000000000     -25.59205000000000041
           1   3.84509999999999996      12.30103000000000080     -25.59727000000000174
           1   3.84509999999999996      12.69896999999999920     -25.60576000000000008
           1   3.84509999999999996      13.00000000000000000     -25.61383999999999972
           1   3.84509999999999996      13.30103000000000080     -25.62412000000000134
           1   3.84509999999999996      13.69896999999999920     -25.64301000000000030
           1   3.84509999999999996      14.00000000000000000     -25.66367999999999938
           1   3.84509999999999996      14.30103000000000080     -25.69276999999999944
           1   3.84509999999999996      14.69896999999999920     -25.75236999999999910
           1   3.84509999999999996      15.00000000000000000     -25.82560000000000144
           1   3.84509999999999996      15.30103000000000080     -25.93760999999999939
           1   4.00000000000000000       7.69897000000000009     -25.62127999999999872
           1   4.00000000000000000       8.00000000000000000     -25.62160000000000082
           1   4.00000000000000000       8.30103000000000080     -25.62198000000000064
           1   4.00000000000000000       8.69896999999999920     -25.62257999999999925
           1   4.00000000000000000       9.00000000000000000     -25.62312999999999974
           1   4.00000000000000000       9.30103000000000080     -25.62380999999999887
           1   4.00000000000000000       9.69896999999999920     -25.62496000000000151
           1   4.00000000000000000      10.00000000000000000     -25.62609000000000137
           1   4.00000000000000000      10.30103000000000080     -25.62746999999999886
           1   4.00000000000000000      10.69896999999999920     -25.62978000000000023
           1   4.00000000000000000      11.00000000000000000     -25.63195999999999941
           1   4.00000000000000000      11.30103000000000080     -25.63460999999999856
           1   4.00000000000000000      11.69896999999999920     -25.63900999999999897
           1   4.00000000000000000      12.00000000000000000     -25.64317000000000135
           1   4.00000000000000000      12.30103000000000080     -25.64817000000000036
           1   4.00000000000000000      12.69896999999999920     -25.65632000000000090
           1   4.00000000000000000      13.00000000000000000     -25.66403999999999996
           1   4.00000000000000000      13.30103000000000080     -25.67379999999999995
           1   4.00000000000000000      13.69896999999999920     -25.69161000000000072
           1   4.00000000000000000      14.00000000000000000     -25.71096999999999966
           1   4.00000000000000000      14.30103000000000080     -25.73814000000000135
           1   4.00000000000000000      14.69896999999999920     -25.79332000000000136
           1   4.00000000000000000      15.00000000000000000     -25.86056999999999917
           1   4.00000000000000000      15.30103000000000080     -25.96400999999999826
